1.30624484667171E-0002    
1.30602195799876E-0002    
1.30557621868505E-0002    
1.30490770478849E-0002    
1.30401653037970E-0002    
1.30290284752260E-0002    
1.30156684624838E-0002    
1.30000875452316E-0002    
1.29822883820903E-0002    
  1.29622740101873E-0002  
  1.29400478446378E-0002  
  1.29156136779626E-0002  
  1.28889756794404E-0002  
  1.28601383943969E-0002  
  1.28291067434289E-0002  
  1.27958860215647E-0002  
  1.27604818973607E-0002  
  1.27229004119342E-0002  
  1.26831479779325E-0002  
  1.26412313784386E-0002  
  1.25971577658139E-0002  
  1.25509346604778E-0002  
  1.25025699496245E-0002  
  1.24520718858768E-0002  
  1.23994490858784E-0002  
  1.23447105288237E-0002  
  1.22878655549248E-0002  
  1.22289238638190E-0002  
  1.21678955129125E-0002  
  1.21047909156653E-0002  
  1.20396208398134E-0002  
  1.19723964055324E-0002  
  1.19031290835392E-0002  
  1.18318306931352E-0002  
  1.17585134001893E-0002  
  1.16831897150623E-0002  
  1.16058724904719E-0002  
  1.15265749192998E-0002  
  1.14453105323402E-0002  
  1.13620931959917E-0002  
  1.12769371098905E-0002  
  1.11898568044879E-0002  
  1.11008671385707E-0002  
  1.10099832967261E-0002  
  1.09172207867504E-0002  
  1.08225954370030E-0002  
  1.07261233937054E-0002  
  1.06278211181863E-0002  
  1.05277053840729E-0002  
  1.04257932744283E-0002  
  1.03221021788369E-0002  
  1.02166497904371E-0002  
  1.01094541029024E-0002  
  1.00005334073706E-0002  
  9.88990628932341E-0003  
  9.77759162541460E-0003  
  9.66360858024929E-0003  
  9.54797660311375E-0003  
  9.43071542465675E-0003  
  9.31184505352282E-0003  
  9.19138577293813E-0003  
  9.06935813724952E-0003  
  8.94578296841723E-0003  
  8.82068135246200E-0003  
  8.69407463586709E-0003  
  8.56598442193587E-0003  
  8.43643256710558E-0003  
  8.30544117721795E-0003  
  8.17303260374714E-0003  
  8.03922943998592E-0003  
  7.90405451719049E-0003  
  7.76753090068469E-0003  
  7.62968188592439E-0003  
  7.49053099452244E-0003  
  7.35010197023519E-0003  
  7.20841877491101E-0003  
  7.06550558440166E-0003  
  6.92138678443709E-0003  
  6.77608696646453E-0003  
  6.62963092345235E-0003  
  6.48204364565970E-0003  
  6.33335031637234E-0003  
  6.18357630760572E-0003  
  6.03274717577572E-0003  
  5.88088865733803E-0003  
  5.72802666439689E-0003  
  5.57418728028376E-0003  
  5.41939675510698E-0003  
  5.26368150127295E-0003  
  5.10706808897973E-0003  
  4.94958324168385E-0003  
  4.79125383154113E-0003  
  4.63210687482229E-0003  
  4.47216952730438E-0003  
  4.31146907963864E-0003  
  4.15003295269600E-0003  
  3.98788869289107E-0003  
  3.82506396748582E-0003  
  3.66158655987407E-0003  
  3.49748436484846E-0003
  3.33278538385167E-0003
  3.16751772021434E-0003
  3.00170957438311E-0003
  2.83538923914395E-0003
  2.66858509484867E-0003
  2.50132560465755E-0003
  2.33363930982095E-0003
  2.16555482504025E-0003
  1.99710083398566E-0003
  1.82830608512462E-0003
  1.65919938818525E-0003
  1.48980961198420E-0003
  1.32016568538639E-0003
  1.15029660608828E-0003
  9.80231471159918E-0004
  8.09999577138968E-0004
  6.39630788267544E-0004
  4.69157256698278E-0004
  2.98625582909703E-0004
  1.28295209986370E-0004