6.53131710654431E-0003   
1.95928368604209E-0002   
3.26510134268252E-0002   
4.57036186479554E-0002   
5.87484253166660E-0002   
7.17832075565031E-0002   
8.48057412015125E-0002   
9.78138041757565E-0002   
1.10805176872474E-0001   
 1.23777642532817E-0001  
 1.36728987624106E-0001  
 1.49657002217531E-0001  
 1.62559480365237E-0001  
 1.75434220476735E-0001  
 1.88279025694562E-0001  
 2.01091704269143E-0001  
 2.13870069932772E-0001  
 2.26611942272662E-0001  
 2.39315147102999E-0001  
 2.51977516835927E-0001  
 2.64596890851410E-0001  
 2.77171115865909E-0001  
 2.89698046299800E-0001  
 3.02175544643482E-0001  
 3.14601481822108E-0001  
 3.26973737558875E-0001  
 3.39290200736813E-0001  
 3.51548769759014E-0001  
 3.63747352907228E-0001  
 3.75883868698789E-0001  
 3.87956246241775E-0001  
 3.99962425588377E-0001  
 4.11900358086395E-0001  
 4.23768006728801E-0001  
 4.35563346501324E-0001  
 4.47284364727982E-0001  
 4.58929061414514E-0001  
 4.70495449589644E-0001  
 4.81981555644123E-0001  
 4.93385419667492E-0001  
 5.04705095782513E-0001  
 5.15938652477191E-0001  
 5.27084172934363E-0001  
 5.38139755358765E-0001  
 5.49103513301543E-0001  
 5.59973575982144E-0001  
 5.70748088607531E-0001  
 5.81425212688677E-0001  
 5.92003126354268E-0001  
 6.02480024661574E-0001  
 6.12854119904436E-0001  
 6.23123641918305E-0001  
 6.33286838382293E-0001  
 6.43341975118174E-0001  
 6.53287336386294E-0001  
 6.63121225178334E-0001  
 6.72841963506874E-0001  
 6.82447892691716E-0001  
 6.91937373642906E-0001  
 7.01308787140419E-0001  
 7.10560534110455E-0001  
 7.19691035898288E-0001  
 7.28698734537639E-0001  
 7.37582093016520E-0001  
 7.46339595539496E-0001  
 7.54969747786330E-0001  
 7.63471077166964E-0001  
 7.71842133072792E-0001  
 7.80081487124185E-0001  
 7.88187733414213E-0001  
 7.96159488748544E-0001  
 8.03995392881466E-0001  
 8.11694108747983E-0001  
 8.19254322691966E-0001  
 8.26674744690309E-0001  
 8.33954108573046E-0001  
 8.41091172239404E-0001  
 8.48084717869746E-0001  
 8.54933552133370E-0001  
 8.61636506392136E-0001  
 8.68192436899870E-0001  
 8.74600224997527E-0001  
 8.80858777304072E-0001  
 8.86967025903050E-0001  
 8.92923928524803E-0001  
 8.98728468724322E-0001  
 9.04379656054686E-0001  
 9.09876526236065E-0001  
 9.15218141320261E-0001  
 9.20403589850755E-0001  
 9.25431987018234E-0001  
 9.30302474811573E-0001  
 9.35014222164241E-0001  
 9.39566425096119E-0001  
 9.43958306850687E-0001  
 9.48189118027575E-0001  
 9.52258136710449E-0001  
 9.56164668590200E-0001  
 9.59908047083447E-0001  
  9.63487633446292E-0001 
  9.66902816883355E-0001 
  9.70153014652036E-0001 
  9.73237672162026E-0001 
  9.76156263070027E-0001 
  9.78908289369709E-0001 
  9.81493281476892E-0001 
  9.83910798309993E-0001 
  9.86160427365786E-0001 
  9.88241784790596E-0001 
  9.90154515447143E-0001 
  9.91898292977500E-0001 
  9.93472819863101E-0001 
  9.94877827483928E-0001 
  9.96113076181942E-0001 
  9.97178355342267E-0001 
  9.98073483532712E-0001 
  9.98798308846185E-0001 
  9.99352710098564E-0001 
  9.99736603137650E-0001 
  9.99950007741626E-0001 